F-statistic: 13.903943526872604
P-value: 1.3238231307041703e-05