T-statistic: -0.46443082707353206
P-value: 0.6547165139852147